55749270 512744895
57880874 514679426
56295706 513089704
57717831 514645180
55718302 512652154
56650272 514333625
58299702 514137523
57039137 513838019
57562786 514155936
57562786 514155936
57562786 514155936
57503755 514157545
56318164 513380138
55732337 513005525
55699569 512409595
56343016 513026712
56343016 513026712
56343016 513026712
57941581 514634589
56295706 513089704
56140044 514447748
57323944 513627076
56219321 514462867
56187409 514433911
56219321 514462867
56272245 514467972
55947110 514550359
56197042 514286099
56147283 514439285
56351177 514455805
56271262 514474815
56187409 514433911
56351177 514455805
55981709 512615673
58658644 514501963
56187013 514445825
56326501 515319829
56151535 513098100
56133879 514480476
56192566 514423267
56150376 514327300
57352176 513585476
56319026 515363392
57836215 515032568
56691043 515118330
56930882 513289704
57488072 514220889
56331410 515291395
57416531 514012213
57320803 513631968
56001337 513562615
57102446 513785262
57316328 513547496
57546194 514077444
58610404 513688285
57824854 513822443
56062690 514408981
56202748 514439436
57458599 514208635
56820350 514199931
57432906 514099962
57698117 513595234
56154741 513129984
57360738 514018771
56736812 513777906
55941205 515166210
55962628 515198859
57323532 513538390
57352532 513642479
57320803 513631968
55726766 513027766
57242980 513743425
57591994 513962233
56966464 513542213
55890671 515205347
56943819 513817712
56397413 515102050
56736812 513777906
57472886 514036004
57317188 514112196
57750369 513761017
55729329 515394533
57645403 513801572
56193728 513348656
57317211 513548187
56692565 513607324
57488072 514220889
57709165 513611608
58409136 513749952
56221061 513594386
56563108 515187368
57448400 514090850
56111208 513103227
55766409 512735769
55661065 512503377
56394985 513547304
56381569 513544292
56432534 513604892
56726521 513195250
56691043 515118330
56863509 513762813
58130295 515474194
57473523 514036037
56741912 513762062
57377870 513534580
56777825 513586629
56256449 515387917
56325761 515293257
56318438 515293912
56350702 515440165
56271368 515369191
55929608 515239562
55980011 515324939
56809310 515262140
56427485 515078144
56487676 515117193
56427485 515078144
56300423 515381939
56273584 515359112
57352532 513642479
56563108 515187368
56563108 515187368
57329947 513578761
56325761 515293257
56306912 515374796
56432534 513604892
56930882 513289704
56334409 515445511
56397413 515102050
56360933 515468878
57066368 513235225
56823366 514213568
56351177 514455805
56297612 515382092
56713946 514345205
56691043 515118330
55692602 515100040
57070533 513678728
57389864 513536923
56768255 513526373
56288107 514375625
57833454 513897327
56983989 513514649
57480299 514222111
57379364 513595172
56841617 514434283
56768255 513526373
56851246 513513141
57466578 514090872
56250197 514369591
57486473 514227742
56775433 513837956
57521871 514071708
57646927 513825233
56775433 513837956
56308261 515093428
56203440 514380486
56826502 514286557
58661073 513550860
58541393 513760159
55820280 512849789
55653276 515178842
56935947 513313115
57584735 514441587
56366258 515459565
57474160 514036070
56295706 513089704
56807137 514214915
57146383 513659560
56910357 513794837
58308238 514111387
58001579 513715585
57750369 513761017
57641411 513836848
57641411 513836848
57448400 514090850
57466578 514090872
57448518 514119630
57440615 514099931
57448400 514090850
57465406 514056517
57474172 514116147
57439208 514029431
57474064 514041910
57451727 514039973
57474172 514116147
57109518 513440815
57451727 514039973
56219321 514462867
58458540 513683397
57458650 514020256
57448400 514090850
57459717 513975723
57658798 513750479
57497265 514268549
56232476 513144027
57326840 513557668
55725911 512740040
57467206 514051779
56159735 514434084
57788430 513396126
57341489 513644811
56386799 515099598
55901474 515186912
56260424 514500538
57551160 513428244
56110856 513134501
57628802 514020382
56371939 513033628
58001579 513715585
55603403 512922293
56966464 513542213
57839073 514000580
57979415 514498705
55817686 513052828
57458228 513934534
55909000 515221064
55820280 512849789
57322025 513552927
56148214 514471962
56289302 513090773
55768490 512663439
55768744 512740204
57363707 513572819
55739329 512740823
55768490 512663439
55628113 512535032
55768490 512663439
55613386 512497189
55768490 512663439
55751068 512753891
55833797 512650254
55768490 512663439
55780846 512699641
55836391 512679827
56120183 513509999
55768490 512663439
55779753 512698759
55691171 512480641
56343016 513026712
55832913 512390681
55832913 512390681
55879782 512565279
55805777 512645048
56094727 513143573
57495412 514164805
56132573 514435404
57522823 514154948
55632729 512679441
55879782 512565279
56132713 513114693
57480608 514157116
56110856 513134501
56045044 513114663
55944652 514361112
55944652 514361112
56148214 514471962
57456148 513852999
56151711 514456558
55733835 512668464
55768490 512663439
55960022 512624313
55778188 512725841
55571198 512842882
56338131 515460033
57781957 514658502
55775702 512754138
56982105 513645018
57585176 513748475
56295706 513089704
57808963 514613607
57474087 514055307
56369400 515491085
55732956 512718142
57732605 513789996
55900310 512656664
56085408 513096253
56897988 514326476
56042529 513151137
56061746 513084070
56360327 513057783
55661065 512503377
55805777 512645048
56283508 513091741
55768490 512663439
57510182 514052415
57372992 514081637
56169629 514415268
57373885 513613290
55768490 512663439
55707701 512998509
56343016 513026712
56371939 513033628
57985322 515138571
56219321 514462867
57476023 514039090
56072795 513010309
55730944 512700578
55781698 513055625
57632947 514020320
55960022 512624313
56351319 515119245
57448400 514090850
56151535 513098100
57479367 514174748
57961791 514633335
55890429 512785600
57938642 514498084
56295706 513089704
56343016 513026712
55906691 515179976
56061746 513084070
56914023 514193661
56974104 513591354
58281003 513898207
55962628 515198859
57456148 513852999
57467258 513461394
57070533 513678728
55734602 513023563
57386110 514059845
57461547 513506104
58587279 513812817
56777825 513586629
56953718 513459556
56110856 513134501
58097128 514526036
57796329 513514045
57416964 514409775
57180571 514423001
55903900 515181308
56692066 514217438
56340259 515468331
55766409 512735769
56192566 514423267
57513164 514421290
57317188 514112196
57951235 514638623
57576572 514143898
57883604 513806923
57336509 513607511
55896560 513265973
57717831 514645180
56288387 513090926
55500966 512864091
57472886 514036004
56154741 513129984
56272812 515376518
56360327 513057783
58096992 513710832
55732212 512758635
56151535 513098100
55808335 512714748
56030207 513157805
55832672 512829977
55816706 512836004
55706327 512635174
55766409 512735769
55681820 512426520
55738253 512736037
55677179 512570126
56151535 513098100
55540199 512843018
55793233 513002352
56180318 513114867
55808956 513041642
57641411 513836848
55732956 512718142
56295706 513089704
55630798 512538212
55773737 512648912
55805777 512645048
55738817 512723775
56132713 513114693
55715621 513061594
55762323 512649331
56405661 513141546
56098346 513230206
55678466 512407185
56219241 513102353
55588113 512879347
56295706 513089704
56172597 513080785
55808956 513041642
55724513 512631865
56371939 513033628
55749270 512744895
56132713 513114693
56116733 513084815
56113026 513088241
55570967 512863277
56540074 513169402
55712523 512744033
56540074 513169402
55766409 512735769
56489943 515168143
55732956 512718142
55678466 512407185
55805777 512645048
55675978 512566849
55994627 512627298
56116733 513084815
56065543 513074332
55915764 512707134
56369116 513109555
55703108 512671254
56061746 513084070
55569436 512848953
56215500 513133629
56151535 513098100
56345271 515441947
55558699 512852298
55810544 512876235
55535058 512840788
55787258 512733079
55732956 512718142
55753389 512555091
56094727 513143573
55804943 512968823
55738253 512736037
55818231 513068658
55787777 512991192
56310776 513228634
56071546 512824985
55765104 512761887
55469329 512760325
55809144 512771096
55775702 512754138
55725911 512740040
55766409 512735769
55738253 512736037
55732956 512718142
55749270 512744895
55656503 512488884
55732956 512718142
55766409 512735769
55738253 512736037
55721736 512738620
57465406 514056517
56540074 513169402
55818231 513068658
55610528 512671069
55707701 512998509
55805777 512645048
55676675 512568753
55676172 512567381
56151514 513139224
55732212 512758635
55725911 512740040
55540129 512855273
55297404 512863434
56151535 513098100
55975846 513195300
55960111 512363639
55768744 512740204
55879782 512565279
55710027 512773766
55583704 512875215
55525805 512881130
55507560 512860086
55775086 513020182
55707701 512998509
55673375 512706307
55736732 513012236
55649638 512520225
55764094 512785135
56113026 513088241
56508152 513208968
55591543 512882562
55787777 512991192
55854191 512348671
55451726 512843782
55653205 512480863
55500966 512864091
55737036 512691071
55808335 512714748
55591543 512882562
55569436 512848953
55569436 512848953
55692838 512512473
56399191 515102396
55797017 512747652
55564109 512856849
55762323 512649331
55890429 512785600
55787777 512991192
56201199 513061991
56295706 513089704
56415851 513239997
55822458 512738790
55999808 512590581
55755154 512739167
56314537 513151506
56339371 514502805
56132713 513114693
55569436 512848953
56203440 514380486
57830273 514623264
58184273 514155222
56343381 515286138
56148214 514471962
55768551 512723152
58393872 513892888
55677179 512570126
55768744 512740204
55772346 512775660
57359071 513561964
58490339 514484702
56109320 513091667
55611499 512491362
58671331 513859098
55768490 512663439
55844607 512345518
55500966 512864091
56360933 515468878
55739525 512968248
57448518 514119630
56135928 514436289
55775702 512754138
56466666 515116249
58114258 514534679
55689784 512788905
56014297 512661378
57383855 514087290
57634340 513828292
57392174 513994901
57968519 514538469
55781698 513055625
55545341 512845249
55779523 512919288
55661451 512500917
56989411 513312894
57070533 513678728
55732956 512718142
56341323 515472481
57861407 515034852
55764094 512785135
57186528 513785497
55575604 512827705
55729173 513034802
58658644 514501963
56299990 515109152
56432534 513604892
55810569 512493622
57317188 514112196
55960111 512363639
55682133 512689071
56157251 513122223
57758624 513799148
57932197 514506798
55732956 512718142
55738253 512736037
56192566 514423267
55900310 512656664
58313738 515470904
57679378 513811429
57938642 514498084
55683317 512374472
57951235 514638623
55872622 512817036
55732337 513005525
56076186 513092583
55787777 512991192
58058617 514510208
57763977 514658013
56167717 513111735
55469329 512760325
57435981 514049446
57970282 514831312
55599972 512965270
57781957 514658502
56209304 514443321
56287167 513091130
56109320 513091667
57178951 514354581
56132713 513114693
55658565 512519344
57480240 514036357
58180049 515360179
56295706 513089704
55712523 512744033
56496977 515119386
56982105 513645018
57758624 513799148
55836391 512679827
55813789 512867419
55768490 512663439
58325496 514108430
57543850 514149380
55732956 512718142
56159735 514434084
57352532 513642479
56192428 514387856
56151711 514456558
57364826 513571595
56219321 514462867
57389864 513536923
56984353 513827007
55734602 513023563
57416289 513636136
57186528 513785497
55911524 513110766
57922114 514628320
56297612 515382092
55732956 512718142
57471224 515031656
56192566 514423267
55811560 512649429
55723666 512635389
56113773 513135641
56187409 514433911
56203440 514380486
56255323 514422893
56250709 513603305
56250709 513603305
56250709 513603305
56250709 513603305
56250709 513603305
56250709 513603305
56250709 513603305
56250709 513603305
57279824 513669394
57304212 513564900
56780122 514199592
56174012 514477414
56803100 514507567
56249605 514407039
55632729 512679441
56295706 513089704
57327085 513622185
55658565 512519344
57257785 513293978
56167717 513111735
56219321 514462867
57279824 513669394
57375883 513616048
56458187 515042843
57379364 513595172
56229003 514450809
57334265 513611004
56203440 514380486
55768490 512663439
56934840 513506895
56960518 513505391
56343016 513026712
56343016 513026712
56820350 514199931
56167503 513525558
58130295 515474194
55885334 513036583
55732956 512718142
57186528 513785497
57055223 513549911
55739525 512968248
57309999 513747137
57070533 513678728
55732956 512718142
57351485 513586310
56255323 514422893
56072436 514397165
55728945 513034636
57242980 513743425
56301565 514469062
55688002 512776090
57259175 513765361
57379879 513621564
56219321 514462867
59217110 513938866
55603403 512922293
55681820 512426520
57474172 514116147
57884065 513962256
56030207 513157805
56768255 513526373
56240126 513128826
55824765 513056094
56294362 515404944
56357593 515091919
55775702 512754138
55535058 512840788
55732337 513005525
55611499 512491362
56132713 513114693
57986492 514625535
57438342 515006091
58012390 515406197
57416531 514012213
57387299 513631809
55849626 514330800
56288712 515418378
58546113 514753988
57902936 515083553
57561496 513626531
57763977 514658013
56444333 515212320
57332032 514978468
58064245 514365093
57245095 513367630
58062651 514847576
56295706 513089704
56336713 515454501
55768490 512663439
57498607 514172242
57225887 513602379
57367529 514067595
55817686 513052828
55793561 512695857
55766409 512735769
55603403 512922293
56148214 514471962
56313818 514528653
55718302 512652154
56290826 513090519
55668123 512545421
56960518 513505391
55770815 512707654
57641411 513836848
58163539 514383851
57910782 514612447
57901448 514375546
57356996 513580163
57000244 513495992
57496736 514138520
55819015 515380047
56295706 513089704
55892303 513040510
55681820 512426520
58273442 514070576
57646927 513825233
55761903 512521309
57057246 513551570
56295706 513089704
56295706 513089704
56250709 513603305
55836391 512679827
55890429 512785600
55879782 512565279
57297805 513678558
56444333 515212320
57425197 514099993
57357891 513579183
57935809 514586412
57963299 514482197
55673202 512658858
57821417 514551402
55754213 512745760
57447773 514127200
57447773 514127200
58655308 513660095
56331410 515291395
55826351 515305370
58170894 514129796
57250171 513338169
57159545 513779717
56113773 513135641
57641411 513836848
58058617 514510208
57171888 513462257
57691698 514906610
56930882 513289704
55569436 512848953
55370704 512824167
57951235 514638623
57408854 515050352
56313818 514528653
55584073 512724292
57924953 514517744
56001337 513562615
55824765 513056094
55746076 512629082
56431523 515061836
56151535 513098100
56334409 515445511
55775702 512754138
55779648 512652084
56295706 513089704
55824765 513056094
57438319 514048144
57374456 513614078
57320803 513631968
57511605 514054958
57623876 514135824
57623876 514135824
56054851 513144469
57698117 513595234
55993930 512596465
55885334 513036583
55994627 512627298
57938642 514498084
57448518 514119630
55928772 515179963
57428964 513370346
58147291 515512354
56432534 513604892
56003022 512570718
57474842 514152798
57474172 514116147
56360327 513057783
56295706 513089704
57751433 515027168
55956402 512621287
56003022 512570718
56466666 515116249
56151535 513098100
57474172 514116147
55722683 512737991
56291436 513090417
57654970 513765077
55802325 513039659
55729329 515394533
55832309 512682181
57336509 513607511
56295706 513089704
56777825 513586629
57490218 514164314
56251382 514340187
57186528 513785497
55815034 512725843
57948797 514640992
57648448 513846080
56200966 514447862
56265217 514462044
58249088 514094573
56826502 514286557
58537934 513877400
57968519 514538469
56295706 513089704
58541393 513760159
57263675 514093298
56254026 514405975
56371939 513033628
56148214 514471962
56157251 513122223
57528266 514127379
56466666 515116249
56563108 515187368
57356327 513549032
57279824 513669394
57032356 513793886
57360184 513560344
56297612 515382092
56218677 515421448
57377768 513551504
56172433 513125651
57808963 514613607
56295706 513089704
57448324 514099900
57448324 514099900
57425256 513459534
55739525 512968248
57080543 513371903
56306912 515374796
55730742 512698822
55653205 512480863
55738253 512736037
55957571 515179229
56389142 515100152
56098077 514403784
57907485 514610892
56365548 515460807
57448518 514119630
57465827 514052611
56250709 513603305
57533188 514165485
58058617 514510208
57466578 514090872
57328535 513559314
57495412 514164805
57448518 514119630
55818308 514320921
56397413 515102050
57641411 513836848
57834351 514535282
56982105 513645018
57522823 514154948
55653205 512480863
56343016 513026712
55931066 512600108
56295706 513089704
56035364 514479174
56192566 514423267
57259175 513765361
57474172 514116147
56383358 515085415
57990697 514471076
56912229 514334743
56465693 515073001
55950760 515398539
55724200 512637710
57949050 514620352
56293727 515382389
56996082 513507723
56219321 514462867
55879782 512565279
57503148 513073594
56115679 514436443
55718302 512652154
56187409 514433911
55805777 512645048
55753389 512555091
57342358 514015930
55759716 512735695
57495065 514030508
56071576 513090749
57254231 513314600
56250709 513603305
57490296 514211514
57914968 514552432
57302267 514419445
57511518 514029158
57242557 513382360
56295706 513089704
57808963 514613607
57465827 514052611
56397413 515102050
56295706 513089704
57441046 514033918
57328535 513559314
56219321 514462867
56741912 513762062
57892516 514562563
56381569 513544292
56142333 513106798
57101417 513729509
57355428 513272337
58063532 514529655
55738253 512736037
57325514 513624630
56959347 513497087
55694466 515416748
55944813 515196371
58259432 514170826
56295706 513089704
57548985 513987983
58689571 513700936
56288712 515418378
56151711 514456558
56129835 513099493
55555624 512849711
58113887 513709879
55704940 512743410
55787777 512991192
57701391 515021953
56371939 513033628
56295706 513089704
57495412 514164805
56351319 515119245
58393872 513892888
56295706 513089704
55733169 512720364
56228787 512998093
56343016 513026712
57931314 514896984
56288712 515418378
56295706 513089704
55589828 512880954
57284658 513664885
56930882 513289704
57543850 514149380
57505526 514161368
55545341 512845249
55820280 512849789
56777825 513586629
57711717 514748873
57711717 514748873
55778881 512725257
57165456 515061407
56741912 513762062
57257785 513293978
55749270 512744895
57706586 513780845
57460877 514151669
57495065 514030508
57717831 514645180
57467250 514072739
55986554 512619815
56356760 515291965
55919530 512781833
56486930 515526056
56000237 515507067
56426474 515233781
57585176 513748475
56295706 513089704
57955690 514636042
57466578 514090872
57518867 514010303
55720047 512678660
57570021 513329673
56080575 515521705
57109518 513440815
57070533 513678728
56098559 515528654
56080575 515521705
56401998 515287502
56089520 515487794
55961487 512717709
55683514 512375928
57576572 514143898
56098466 515453884
56116543 515535603
56125536 515539078
57455329 514036348
55767756 512660788
56141605 514437787
56937127 513813137
57460877 514151669
56231549 514466646
57952586 514535292
55591543 512882562
56820742 514213042
55986554 512619815
56295706 513089704
56444333 515212320
55824765 513056094
56971524 513575337
56219321 514462867
56219321 514462867
57057246 513551570
57468814 514022324
57864377 514567173
56149921 513503726
55879782 512565279
56252831 515288398
55988564 512621843
55767756 512660788
56343016 513026712
55996869 512593523
57587059 514403615
55686932 515298059
56444333 515212320
56192547 515539852
57496736 514138520
56981097 513513422
57212037 513571520
57468814 514022324
56905711 513561298
56192428 514387856
56118885 515416139
56151535 513098100
55732956 512718142
57349237 513583326
57186528 513785497
56055311 512913404
55818308 514320921
56787256 513982623
56266558 515000507
56664694 514553342
57836361 514559922
55670574 512552106
57679378 513811429
56261775 514266324
56109320 513091667
56109320 513091667
56109320 513091667
55785105 512663131
58043176 514567594
57723653 513768440
57704031 514468024
55732956 512718142
57448518 514119630
57448518 514119630
56343453 515290595
55879595 512366837
57451727 514039973
57456148 513852999
57679378 513811429
55915764 512707134
57328535 513559314
56148214 514471962
57242980 513743425
57915494 514683088
58139685 514563793
55669129 512548166
56260424 514500538
58115323 514586764
58658644 514501963
56289036 513435817
55587005 512587766
56125304 513503514
56020636 514436458
55795695 513037677
55805777 512645048
55882606 512658814
59217110 513938866
57377881 513618806
55732956 512718142
58044995 514075058
56175150 514392065
56347986 515441056
56295706 513089704
57408083 515018470
55994627 512627298
56129835 513099493
56369116 513109555
56109320 513091667
57466578 514090872
56261214 514486138
56195699 512958130
57070533 513678728
55891384 514343973
56130359 515412305
56489943 515168143
56288712 515418378
57448400 514090850
56691043 515118330
57458402 513941329
56141832 515408470
55739681 512963242
58055500 514093839
57723478 514645096
56938079 513360937
57451727 514039973
56318164 513380138
56262292 514484820
55719679 512659585
56797126 515046826
56343016 513026712
56828652 515043974
55706238 515409371
56343016 513026712
55994910 512595485
58100223 514855240
56132713 513114693
56371939 513033628
56295706 513089704
56444333 515212320
56912229 514334743
57271082 513963966
55980011 515324939
56865876 514293245
55904761 513079949
57535462 513442214
57465827 514052611
56187409 514433911
58011372 514500728
56334409 515445511
57576572 514143898
56237664 514468536
57429462 514072864
58151735 515518485
57352532 513642479
57425197 514099993
58810117 514416739
55610528 512671069
56107412 515419974
56219321 514462867
55706327 512635174
56540074 513169402
57383867 513535751
56382893 515098674
57952586 514535292
57469361 514048677
56531278 514371488
56319581 515391862
57320803 513631968
56071576 513090749
57267158 513674299
57733174 514020299
57770757 513351569
56409620 513143417
56148214 514471962
57781957 514658502
57225887 513602379
56251486 514410034
56251486 514410034
57071407 513563179
56371939 513033628
55740017 512723100
58912399 513792286
55732956 512718142
56362451 513199244
56777825 513586629
56153306 515404636
55567747 512440305
55739681 512963242
56726521 513195250
55756295 512738298